-1.0 -1.0 0.0 
-0.89474 -1.0 0.005168318081466113 
-0.78947 -1.0 0.01033680819767793 
-0.68421 -1.0 0.0155052024676084 
-0.57895 -1.0 0.020675790654247437 
-0.51604 -1.0 0.023768285660063053 
-0.50105 -1.0 0.02450581928945913 
-0.47368 -1.0 0.025853672054686857 
-0.45693 -1.0 0.026679184813231168 
-0.38626 -1.0 0.03016495232872079 
-0.36842 -1.0 0.03104560164772423 
-0.29315 -1.0 0.03476452619638018 
-0.26316 -1.0 0.0362482293357801 
-0.18299 -1.0 0.0402205411963149 
-0.15789 -1.0 0.041466611068606725 
-0.0622 -1.0 0.046226698078173194 
-0.05263 -1.0 0.046703931915155074 
0.05263 -1.0 0.05196604973484941 
0.0622 -1.0 0.052445598253402136 
0.15789 -1.0 0.05725155787716395 
0.18299 -1.0 0.05851425612114812 
0.26316 -1.0 0.06255349245923603 
0.29315 -1.0 0.06406679825755136 
0.36842 -1.0 0.06787052591312202 
0.38626 -1.0 0.06877313752822682 
0.45693 -1.0 0.07235272792679934 
0.47368 -1.0 0.07320240644667557 
0.50105 -1.0 0.07459271714903364 
0.51604 -1.0 0.07535477286539455 
0.57895 -1.0 0.0785553239754729 
0.68421 -1.0 0.08391429224310393 
0.78947 -1.0 0.08927341185405242 
0.89474 -1.0 0.09463561223739621 
1.0 -1.0 0.1 

-1.0 -0.89474 0.0 
-0.89474 -0.89474 0.005168201039947397 
-0.78947 -0.89474 0.010336710801454005 
-0.68421 -0.89474 0.015505268431275743 
-0.57895 -0.89474 0.0206760546856043 
-0.51604 -0.89474 0.02376862342629596 
-0.50105 -0.89474 0.02450615603199759 
-0.47368 -0.89474 0.025853973152770222 
-0.45693 -0.89474 0.02667946479112148 
-0.38626 -0.89474 0.0301652037334513 
-0.36842 -0.89474 0.03104589416495375 
-0.29315 -0.89474 0.03476517878734613 
-0.26316 -0.89474 0.03624900585369149 
-0.18299 -0.89474 0.04022152686679878 
-0.15789 -0.89474 0.04146758955313395 
-0.0622 -0.89474 0.04622738505902878 
-0.05263 -0.89474 0.04670459991811596 
0.05263 -0.89474 0.05196666339851673 
0.0622 -0.89474 0.05244621323016119 
0.15789 -0.89474 0.05725219642089956 
0.18299 -0.89474 0.05851489569811462 
0.26316 -0.89474 0.0625542710742281 
0.29315 -0.89474 0.06406759993028485 
0.36842 -0.89474 0.06787105335762818 
0.38626 -0.89474 0.06877364306840929 
0.45693 -0.89474 0.0723534320252392 
0.47368 -0.89474 0.07320302371793759 
0.50105 -0.89474 0.07459304994328235 
0.51604 -0.89474 0.07535510639028248 
0.57895 -0.89474 0.07855570528169178 
0.68421 -0.89474 0.08391377953509115 
0.78947 -0.89474 0.08927357595536076 
0.89474 -0.89474 0.09463566925926492 
1.0 -0.89474 0.1 

-1.0 -0.78947 0.0 
-0.89474 -0.78947 0.005167676063232476 
-0.78947 -0.78947 0.010335611495107798 
-0.68421 -0.78947 0.015503542383036837 
-0.57895 -0.78947 0.02067362664698186 
-0.51604 -0.78947 0.023765705408754945 
-0.50105 -0.78947 0.0245030980759543 
-0.47368 -0.78947 0.025850630214836988 
-0.45693 -0.78947 0.026675961881995953 
-0.38626 -0.78947 0.030161136876983748 
-0.36842 -0.78947 0.03104176956443482 
-0.29315 -0.78947 0.03476114185058855 
-0.26316 -0.78947 0.03624496802842841 
-0.18299 -0.78947 0.040217272982595365 
-0.15789 -0.78947 0.041463132915832014 
-0.0622 -0.78947 0.04622170819731752 
-0.05263 -0.78947 0.04669884389437065 
0.05263 -0.78947 0.051960566607549157 
0.0622 -0.78947 0.052440107562885765 
0.15789 -0.78947 0.05724630226000267 
0.18299 -0.78947 0.05850927309350209 
0.26316 -0.78947 0.06255005235304124 
0.29315 -0.78947 0.06406378812817952 
0.36842 -0.78947 0.0678680164900971 
0.38626 -0.78947 0.06877078415743826 
0.45693 -0.78947 0.07235127968163414 
0.47368 -0.78947 0.07320110452447455 
0.50105 -0.78947 0.07459152398422 
0.51604 -0.78947 0.07535350742626602 
0.57895 -0.78947 0.07855330411445373 
0.68421 -0.78947 0.08391100849168688 
0.78947 -0.78947 0.08927150931772718 
0.89474 -0.78947 0.09463435080220055 
1.0 -0.78947 0.1 

-1.0 -0.68421 0.0 
-0.89474 -0.68421 0.005166874962691318 
-0.78947 -0.68421 0.01033365483963167 
-0.68421 -0.68421 0.01550010821777765 
-0.57895 -0.68421 0.02066854987914218 
-0.51604 -0.68421 0.023759554670234953 
-0.50105 -0.68421 0.024496672437108794 
-0.47368 -0.68421 0.02584368447323702 
-0.45693 -0.68421 0.02666872357815745 
-0.38626 -0.68421 0.030152832184895634 
-0.36842 -0.68421 0.031033298057475147 
-0.29315 -0.68421 0.03475236400694429 
-0.26316 -0.68421 0.036236027103627264 
-0.18299 -0.68421 0.04020763917554467 
-0.15789 -0.68421 0.04145312092136854 
-0.0622 -0.68421 0.046209709824432496 
-0.05263 -0.68421 0.04668670283702726 
0.05263 -0.68421 0.05194757522690633 
0.0622 -0.68421 0.05242712040730799 
0.15789 -0.68421 0.0572342057413696 
0.18299 -0.68421 0.058497645192404975 
0.26316 -0.68421 0.06254060655042369 
0.29315 -0.68421 0.06405514582993732 
0.36842 -0.68421 0.06786122640000787 
0.38626 -0.68421 0.06876445068335894 
0.45693 -0.68421 0.07234675994905702 
0.47368 -0.68421 0.07319681260956236 
0.50105 -0.68421 0.0745873769206775 
0.51604 -0.68421 0.07534957417228062 
0.57895 -0.68421 0.07855000271800866 
0.68421 -0.68421 0.08390664724365446 
0.78947 -0.68421 0.08926785395148681 
0.89474 -0.68421 0.09463253758363632 
1.0 -0.68421 0.1 

-1.0 -0.57895 0.0 
-0.89474 -0.57895 0.005166186300587408 
-0.78947 -0.57895 0.010331225901641464 
-0.68421 -0.57895 0.015495153332643041 
-0.57895 -0.57895 0.020660929430380406 
-0.51604 -0.57895 0.023750243442525278 
-0.50105 -0.57895 0.024486945069158533 
-0.47368 -0.57895 0.02583319899850635 
-0.45693 -0.57895 0.02665781100398603 
-0.38626 -0.57895 0.030140320747052567 
-0.36842 -0.57895 0.031020497059100934 
-0.29315 -0.57895 0.03473879348520149 
-0.26316 -0.57895 0.03622211305082159 
-0.18299 -0.57895 0.04019253424243565 
-0.15789 -0.57895 0.0414374717524401 
-0.0622 -0.57895 0.046191383932721444 
-0.05263 -0.57895 0.04666816483444391 
0.05263 -0.57895 0.051927488452683815 
0.0622 -0.57895 0.05240705035021529 
0.15789 -0.57895 0.05721588939652293 
0.18299 -0.57895 0.058479989820200064 
0.26316 -0.57895 0.06252557669412111 
0.29315 -0.57895 0.06404126731597529 
0.36842 -0.57895 0.06785063969756427 
0.38626 -0.57895 0.06875463856243824 
0.45693 -0.57895 0.07233984015226723 
0.47368 -0.57895 0.07319035793786059 
0.50105 -0.57895 0.07458131902222963 
0.51604 -0.57895 0.07534349995259113 
0.57895 -0.57895 0.07854343531886494 
0.68421 -0.57895 0.0839004041882571 
0.78947 -0.57895 0.08926411090196248 
0.89474 -0.57895 0.09463043816741507 
1.0 -0.57895 0.1 

-1.0 -0.51228 0.0 
-0.89474 -0.51228 0.005166243711746819 
-0.78947 -0.51228 0.010329819849351784 
-0.68421 -0.51228 0.015491394703426486 
-0.57895 -0.51228 0.020655014571217847 
-0.51604 -0.51228 0.023742982259429595 
-0.50105 -0.51228 0.02447934788874517 
-0.47368 -0.51228 0.02582498585438698 
-0.45693 -0.51228 0.026649245654545732 
-0.38626 -0.51228 0.030130414600886484 
-0.36842 -0.51228 0.03101035519462137 
-0.29315 -0.51228 0.03472806030281207 
-0.26316 -0.51228 0.03621111770729452 
-0.18299 -0.51228 0.04018062337971561 
-0.15789 -0.51228 0.041425130699166104 
-0.0622 -0.51228 0.046176927451619255 
-0.05263 -0.51228 0.04665353754274268 
0.05263 -0.51228 0.05191147607607091 
0.0622 -0.51228 0.052391053265338154 
0.15789 -0.51228 0.0572013471362953 
0.18299 -0.51228 0.058465916420626506 
0.26316 -0.51228 0.06251340368908936 
0.29315 -0.51228 0.06403000398457692 
0.36842 -0.51228 0.06784210275792239 
0.38626 -0.51228 0.06874685386398421 
0.45693 -0.51228 0.07233509036290155 
0.47368 -0.51228 0.07318596072054499 
0.50105 -0.51228 0.07457687935154761 
0.51604 -0.51228 0.07533894018745745 
0.57895 -0.51228 0.07853824204559247 
0.68421 -0.51228 0.08389575606064238 
0.78947 -0.51228 0.08926173920807454 
0.89474 -0.51228 0.09462849590840482 
1.0 -0.51228 0.1 

-1.0 -0.48251 0.0 
-0.89474 -0.48251 0.005166409631620349 
-0.78947 -0.48251 0.0103292633152753 
-0.68421 -0.48251 0.01548967226629698 
-0.57895 -0.48251 0.020652353943155545 
-0.51604 -0.48251 0.02373973861938692 
-0.50105 -0.48251 0.02447595777541492 
-0.47368 -0.48251 0.025821323289827967 
-0.45693 -0.48251 0.02664542681116934 
-0.38626 -0.48251 0.030126001418717824 
-0.36842 -0.48251 0.031005838625334767 
-0.29315 -0.48251 0.034723326939925615 
-0.26316 -0.48251 0.036206285498013226 
-0.18299 -0.48251 0.040175398524170146 
-0.15789 -0.48251 0.04141973420043586 
-0.0622 -0.48251 0.046170613188490355 
-0.05263 -0.48251 0.046647139052172146 
0.05263 -0.48251 0.05190443673784244 
0.0622 -0.48251 0.0523840098942843 
0.15789 -0.48251 0.057194997150170235 
0.18299 -0.48251 0.05845985769067944 
0.26316 -0.48251 0.06250817677691053 
0.29315 -0.48251 0.06402509087684186 
0.36842 -0.48251 0.06783830417770141 
0.38626 -0.48251 0.06874340409760109 
0.45693 -0.48251 0.0723333142444023 
0.47368 -0.48251 0.07318430830954459 
0.50105 -0.48251 0.07457514510271447 
0.51604 -0.48251 0.07533707346871435 
0.57895 -0.48251 0.07853548670075267 
0.68421 -0.48251 0.08389368512204078 
0.78947 -0.48251 0.08926105339992352 
0.89474 -0.48251 0.0946274392649379 
1.0 -0.48251 0.1 

-1.0 -0.47368 0.0 
-0.89474 -0.47368 0.005166299528986889 
-0.78947 -0.47368 0.010329033208851595 
-0.68421 -0.47368 0.015489300630059035 
-0.57895 -0.47368 0.020651821674753736 
-0.51604 -0.47368 0.023739113480487788 
-0.50105 -0.47368 0.024475314312701914 
-0.47368 -0.47368 0.025820660326081657 
-0.45693 -0.47368 0.026644756377923396 
-0.38626 -0.47368 0.03012530514297672 
-0.36842 -0.47368 0.031005136693950573 
-0.29315 -0.47368 0.03472256712082989 
-0.26316 -0.47368 0.03620549812978517 
-0.18299 -0.47368 0.04017455238363606 
-0.15789 -0.47368 0.04141885978588834 
-0.0622 -0.47368 0.046169702294576606 
-0.05263 -0.47368 0.046646229164578785 
0.05263 -0.47368 0.05190341988827173 
0.0622 -0.47368 0.052383015726729217 
0.15789 -0.47368 0.05719427596119057 
0.18299 -0.47368 0.05845911711948731 
0.26316 -0.47368 0.06250757825693412 
0.29315 -0.47368 0.06402457824360862 
0.36842 -0.47368 0.06783781409153085 
0.38626 -0.47368 0.06874294711610668 
0.45693 -0.47368 0.07233295345043994 
0.47368 -0.47368 0.07318401447402674 
0.50105 -0.47368 0.07457482933101317 
0.51604 -0.47368 0.07533669698543423 
0.57895 -0.47368 0.07853511540817996 
0.68421 -0.47368 0.08389350885009528 
0.78947 -0.47368 0.08926089044485166 
0.89474 -0.47368 0.09462740419277779 
1.0 -0.47368 0.1 

-1.0 -0.4247 0.0 
-0.89474 -0.4247 0.005165060453960757 
-0.78947 -0.4247 0.010327525922052534 
-0.68421 -0.4247 0.015487877457710457 
-0.57895 -0.4247 0.02065006846743435 
-0.51604 -0.4247 0.023737212451541735 
-0.50105 -0.4247 0.024473438789462603 
-0.47368 -0.4247 0.025818941617544798 
-0.45693 -0.4247 0.026643163720212068 
-0.38626 -0.4247 0.03012424792502441 
-0.36842 -0.4247 0.03100411754215322 
-0.29315 -0.4247 0.0347213119636488 
-0.26316 -0.4247 0.036204145096221635 
-0.18299 -0.4247 0.040173061694419025 
-0.15789 -0.4247 0.041417468445733754 
-0.0622 -0.4247 0.046169119292551054 
-0.05263 -0.4247 0.04664568280062808 
0.05263 -0.4247 0.051902890174268274 
0.0622 -0.4247 0.05238254412372902 
0.15789 -0.4247 0.057195137852381145 
0.18299 -0.4247 0.058460270798648864 
0.26316 -0.4247 0.06250896625267242 
0.29315 -0.4247 0.06402575583269046 
0.36842 -0.4247 0.06783804166480281 
0.38626 -0.4247 0.06874292183724254 
0.45693 -0.4247 0.07233214049242886 
0.47368 -0.4247 0.07318311428216098 
0.50105 -0.4247 0.0745739282046231 
0.51604 -0.4247 0.07533583488830711 
0.57895 -0.4247 0.07853477308964556 
0.68421 -0.4247 0.0838942139343562 
0.78947 -0.4247 0.08926106858194856 
0.89474 -0.4247 0.09462864559069904 
1.0 -0.4247 0.1 

-1.0 -0.36842 0.0 
-0.89474 -0.36842 0.005164055939907049 
-0.78947 -0.36842 0.010326078311520355 
-0.68421 -0.36842 0.01548620211159347 
-0.57895 -0.36842 0.02064796381209021 
-0.51604 -0.36842 0.023734910216945956 
-0.50105 -0.36842 0.0244711440531317 
-0.47368 -0.36842 0.025816767102845382 
-0.45693 -0.36842 0.026641094035732622 
-0.38626 -0.36842 0.030122630975011493 
-0.36842 -0.36842 0.03100254179933221 
-0.29315 -0.36842 0.03471958910256575 
-0.26316 -0.36842 0.03620235143499167 
-0.18299 -0.36842 0.04017116595102299 
-0.15789 -0.36842 0.041415652974241164 
-0.0622 -0.36842 0.04616802984151268 
-0.05263 -0.36842 0.04664463104865137 
0.05263 -0.36842 0.051901805849602384 
0.0622 -0.36842 0.05238154975361626 
0.15789 -0.36842 0.057195799709594694 
0.18299 -0.36842 0.058461183252347386 
0.26316 -0.36842 0.06251023576719213 
0.29315 -0.36842 0.06402682824065098 
0.36842 -0.36842 0.06783776353164432 
0.38626 -0.36842 0.0687424990112168 
0.45693 -0.36842 0.07233163690009814 
0.47368 -0.36842 0.07318245033077121 
0.50105 -0.36842 0.07457303475831491 
0.51604 -0.36842 0.07533497634119062 
0.57895 -0.36842 0.07853452620707717 
0.68421 -0.36842 0.0838951120321877 
0.78947 -0.36842 0.08926039238999191 
0.89474 -0.36842 0.0946290610991476 
1.0 -0.36842 0.1 

-1.0 -0.3422 0.0 
-0.89474 -0.3422 0.005163632513830975 
-0.78947 -0.3422 0.010325479891566767 
-0.68421 -0.3422 0.015485549772814721 
-0.57895 -0.3422 0.020647197845674637 
-0.51604 -0.3422 0.023734089805334483 
-0.50105 -0.3422 0.024470326906646404 
-0.47368 -0.3422 0.025815990813812348 
-0.45693 -0.3422 0.026640356084066993 
-0.38626 -0.3422 0.030122071402936088 
-0.36842 -0.3422 0.03100201172548206 
-0.29315 -0.3422 0.034719105972198024 
-0.26316 -0.3422 0.036201880676545756 
-0.18299 -0.3422 0.04017074895639702 
-0.15789 -0.3422 0.04141527981639318 
-0.0622 -0.3422 0.046167920746413654 
-0.05263 -0.3422 0.04664454125506751 
0.05263 -0.3422 0.051901862673144825 
0.0622 -0.3422 0.05238164296424889 
0.15789 -0.3422 0.05719659310655255 
0.18299 -0.3422 0.05846212030218326 
0.26316 -0.3422 0.06251112334038403 
0.29315 -0.3422 0.06402752663493952 
0.36842 -0.3422 0.06783795544994714 
0.38626 -0.3422 0.06874257680783727 
0.45693 -0.3422 0.07233149379897537 
0.47368 -0.3422 0.07318233776928378 
0.50105 -0.3422 0.07457280845543665 
0.51604 -0.3422 0.0753347422451378 
0.57895 -0.3422 0.07853471246674346 
0.68421 -0.3422 0.08389556197437958 
0.78947 -0.3422 0.08926030091376888 
0.89474 -0.3422 0.09462926604624373 
1.0 -0.3422 0.1 

-1.0 -0.26316 0.0 
-0.89474 -0.26316 0.005162658573613504 
-0.78947 -0.26316 0.010324012306472338 
-0.68421 -0.26316 0.015483879880870749 
-0.57895 -0.26316 0.020645276242708534 
-0.51604 -0.26316 0.023732022720346496 
-0.50105 -0.26316 0.02446824735487858 
-0.47368 -0.26316 0.025813946265308755 
-0.45693 -0.26316 0.02663837095398395 
-0.38626 -0.26316 0.030120428768146214 
-0.36842 -0.26316 0.03100046380414602 
-0.29315 -0.26316 0.03471797403111686 
-0.26316 -0.26316 0.03620089503713611 
-0.18299 -0.26316 0.040170113599809494 
-0.15789 -0.26316 0.041414758652275264 
-0.0622 -0.26316 0.04616785314835507 
-0.05263 -0.26316 0.04664452310189907 
0.05263 -0.26316 0.051902481943388694 
0.0622 -0.26316 0.05238241351319227 
0.15789 -0.26316 0.05719951878580888 
0.18299 -0.26316 0.05846520519755947 
0.26316 -0.26316 0.0625136828538068 
0.29315 -0.26316 0.06402972024953543 
0.36842 -0.26316 0.06783864237071083 
0.38626 -0.26316 0.06874300394849764 
0.45693 -0.26316 0.07233142006492535 
0.47368 -0.26316 0.07318216087989284 
0.50105 -0.26316 0.07457254845042417 
0.51604 -0.26316 0.07533445025683996 
0.57895 -0.26316 0.07853471051794271 
0.68421 -0.26316 0.08389691373884915 
0.78947 -0.26316 0.08926117467985939 
0.89474 -0.26316 0.09462989177118407 
1.0 -0.26316 0.1 

-1.0 -0.23982 0.0 
-0.89474 -0.23982 0.0051624206348171876 
-0.78947 -0.23982 0.010323666777489202 
-0.68421 -0.23982 0.015483521722734648 
-0.57895 -0.23982 0.020644897941746874 
-0.51604 -0.23982 0.023731623667642927 
-0.50105 -0.23982 0.024467844993344336 
-0.47368 -0.23982 0.025813546143086983 
-0.45693 -0.23982 0.02663798161870273 
-0.38626 -0.23982 0.030120113996699643 
-0.36842 -0.23982 0.031000178164167832 
-0.29315 -0.23982 0.03471785032838459 
-0.26316 -0.23982 0.036200832867780405 
-0.18299 -0.23982 0.040170191794475694 
-0.15789 -0.23982 0.041414868097390124 
-0.0622 -0.23982 0.04616805794374491 
-0.05263 -0.23982 0.04664474779463828 
0.05263 -0.23982 0.05190301984630124 
0.0622 -0.23982 0.05238297503353916 
0.15789 -0.23982 0.057200392738465965 
0.18299 -0.23982 0.058466160405165335 
0.26316 -0.23982 0.06251451403772028 
0.29315 -0.23982 0.06403037767780247 
0.36842 -0.23982 0.067839060335155 
0.38626 -0.23982 0.06874338938619924 
0.45693 -0.23982 0.07233145496402284 
0.47368 -0.23982 0.07318212203313959 
0.50105 -0.23982 0.07457252422087152 
0.51604 -0.23982 0.07533451652507901 
0.57895 -0.23982 0.07853497991008068 
0.68421 -0.23982 0.08389725782788932 
0.78947 -0.23982 0.08926158239137917 
0.89474 -0.23982 0.09462997268913038 
1.0 -0.23982 0.1 

-1.0 -0.15789 0.0 
-0.89474 -0.15789 0.005161756575334513 
-0.78947 -0.15789 0.01032277038450108 
-0.68421 -0.15789 0.015482731343929529 
-0.57895 -0.15789 0.020644219722102168 
-0.51604 -0.15789 0.023730945925544495 
-0.50105 -0.15789 0.024467160164043596 
-0.47368 -0.15789 0.0258128565467418 
-0.45693 -0.15789 0.026637313819183068 
-0.38626 -0.15789 0.03011963533179648 
-0.36842 -0.15789 0.030999802304876756 
-0.29315 -0.15789 0.03471811866700226 
-0.26316 -0.15789 0.03620134508768543 
-0.18299 -0.15789 0.040171271705106315 
-0.15789 -0.15789 0.04141606686027118 
-0.0622 -0.15789 0.04616950929258622 
-0.05263 -0.15789 0.046646276034420106 
0.05263 -0.15789 0.05190597315926327 
0.0622 -0.15789 0.052386006001019045 
0.15789 -0.15789 0.0572035541573367 
0.18299 -0.15789 0.05846923540396582 
0.26316 -0.15789 0.0625172232894683 
0.29315 -0.15789 0.06403303466298256 
0.36842 -0.15789 0.06784137714109054 
0.38626 -0.15789 0.06874536388484698 
0.45693 -0.15789 0.07233157400853317 
0.47368 -0.15789 0.07318216287315868 
0.50105 -0.15789 0.07457279147970597 
0.51604 -0.15789 0.07533495750934707 
0.57895 -0.15789 0.07853654757797349 
0.68421 -0.15789 0.08389893901941298 
0.78947 -0.15789 0.0892634601427559 
0.89474 -0.15789 0.09463077550656994 
1.0 -0.15789 0.1 

-1.0 -0.1235 0.0 
-0.89474 -0.1235 0.0051615740400106115 
-0.78947 -0.1235 0.010322517136844914 
-0.68421 -0.1235 0.015482506180288473 
-0.57895 -0.1235 0.02064402396755792 
-0.51604 -0.1235 0.023730747213075234 
-0.50105 -0.1235 0.024466958618646124 
-0.47368 -0.1235 0.02581265108456464 
-0.45693 -0.1235 0.026637113715493415 
-0.38626 -0.1235 0.03011948689816494 
-0.36842 -0.1235 0.030999683118984028 
-0.29315 -0.1235 0.03471820011253157 
-0.26316 -0.1235 0.03620150623841298 
-0.18299 -0.1235 0.040171604491863896 
-0.15789 -0.1235 0.04141643549225173 
-0.0622 -0.1235 0.046169961496022635 
-0.05263 -0.1235 0.04664675475958394 
0.05263 -0.1235 0.051906930822095874 
0.0622 -0.1235 0.05238697897782661 
0.15789 -0.1235 0.05720441776427102 
0.18299 -0.1235 0.0584700844660266 
0.26316 -0.1235 0.06251809013117739 
0.29315 -0.1235 0.06403388659174428 
0.36842 -0.1235 0.06784209187863831 
0.38626 -0.1235 0.06874602824738303 
0.45693 -0.1235 0.07233169403874748 
0.47368 -0.1235 0.07318211634326807 
0.50105 -0.1235 0.07457281398599551 
0.51604 -0.1235 0.07533515077631862 
0.57895 -0.1235 0.07853705000774247 
0.68421 -0.1235 0.08389952588682431 
0.78947 -0.1235 0.08926404111568544 
0.89474 -0.1235 0.09463084871876348 
1.0 -0.1235 0.1 

-1.0 -0.05263 0.0 
-0.89474 -0.05263 0.005161331136590535 
-0.78947 -0.05263 0.010322219661171268 
-0.68421 -0.05263 0.015482308580145725 
-0.57895 -0.05263 0.020643938067522814 
-0.51604 -0.05263 0.023730694119401763 
-0.50105 -0.05263 0.02446691104846431 
-0.47368 -0.05263 0.02581261887637091 
-0.45693 -0.05263 0.026637097779419975 
-0.38626 -0.05263 0.030119568069567712 
-0.36842 -0.05263 0.030999811016263444 
-0.29315 -0.05263 0.03471860180442696 
-0.26316 -0.05263 0.03620201256777725 
-0.18299 -0.05263 0.040172375124671054 
-0.15789 -0.05263 0.041417271366475286 
-0.0622 -0.05263 0.04617099226978892 
-0.05263 -0.05263 0.04664783217126733 
0.05263 -0.05263 0.05190878969907022 
0.0622 -0.05263 0.052388841265774325 
0.15789 -0.05263 0.057205706382022194 
0.18299 -0.05263 0.05847133291924061 
0.26316 -0.05263 0.06251949460367595 
0.29315 -0.05263 0.06403530783335531 
0.36842 -0.05263 0.06784343982491498 
0.38626 -0.05263 0.06874719334300503 
0.45693 -0.05263 0.07233186754536261 
0.47368 -0.05263 0.07318231629346919 
0.50105 -0.05263 0.0745730920343893 
0.51604 -0.05263 0.0753354418405502 
0.57895 -0.05263 0.07853780000729499 
0.68421 -0.05263 0.08390035090336391 
0.78947 -0.05263 0.0892650185833165 
0.89474 -0.05263 0.09463139220333248 
1.0 -0.05263 0.1 

-1.0 0.0 0.0 
-0.89474 0.0 0.005161288118212831 
-0.78947 0.0 0.010322150311775916 
-0.68421 0.0 0.015482234091283614 
-0.57895 0.0 0.020643857075050093 
-0.51604 0.0 0.023730603588884708 
-0.50105 0.0 0.024466817810407143 
-0.47368 0.0 0.02581252070493786 
-0.45693 0.0 0.02663699926837244 
-0.38626 0.0 0.030119476325824606 
-0.36842 0.0 0.030999725310321885 
-0.29315 0.0 0.03471857448774314 
-0.26316 0.0 0.0362020099450193 
-0.18299 0.0 0.040172413206472614 
-0.15789 0.0 0.04141731828106777 
-0.0622 0.0 0.04617105745448958 
-0.05263 0.0 0.04664790538855555 
0.05263 0.0 0.05190902049624 
0.0622 0.0 0.05238907663609336 
0.15789 0.0 0.05720585303060781 
0.18299 0.0 0.058471455372718695 
0.26316 0.0 0.06251971959914458 
0.29315 0.0 0.06403558931791248 
0.36842 0.0 0.06784362658289421 
0.38626 0.0 0.06874737006935085 
0.45693 0.0 0.07233189313135706 
0.47368 0.0 0.07318222901007837 
0.50105 0.0 0.07457306601687001 
0.51604 0.0 0.07533549289612282 
0.57895 0.0 0.07853779269019345 
0.68421 0.0 0.08390055244730733 
0.78947 0.0 0.08926527506573709 
0.89474 0.0 0.09463138203331489 
1.0 0.0 0.1 

-1.0 0.05263 0.0 
-0.89474 0.05263 0.005161331136590535 
-0.78947 0.05263 0.010322219661171266 
-0.68421 0.05263 0.015482308580145723 
-0.57895 0.05263 0.020643938067522814 
-0.51604 0.05263 0.02373069411940176 
-0.50105 0.05263 0.024466911048464306 
-0.47368 0.05263 0.025812618876370905 
-0.45693 0.05263 0.02663709777941997 
-0.38626 0.05263 0.030119568069567705 
-0.36842 0.05263 0.030999811016263437 
-0.29315 0.05263 0.03471860180442695 
-0.26316 0.05263 0.03620201256777724 
-0.18299 0.05263 0.04017237512467105 
-0.15789 0.05263 0.041417271366475286 
-0.0622 0.05263 0.046170992269788914 
-0.05263 0.05263 0.04664783217126732 
0.05263 0.05263 0.05190878969907022 
0.0622 0.05263 0.05238884126577432 
0.15789 0.05263 0.057205706382022194 
0.18299 0.05263 0.0584713329192406 
0.26316 0.05263 0.06251949460367595 
0.29315 0.05263 0.0640353078333553 
0.36842 0.05263 0.06784343982491498 
0.38626 0.05263 0.06874719334300501 
0.45693 0.05263 0.0723318675453626 
0.47368 0.05263 0.07318231629346919 
0.50105 0.05263 0.0745730920343893 
0.51604 0.05263 0.0753354418405502 
0.57895 0.05263 0.07853780000729499 
0.68421 0.05263 0.08390035090336391 
0.78947 0.05263 0.0892650185833165 
0.89474 0.05263 0.09463139220333248 
1.0 0.05263 0.1 

-1.0 0.1235 0.0 
-0.89474 0.1235 0.0051615740400106115 
-0.78947 0.1235 0.010322517136844912 
-0.68421 0.1235 0.01548250618028847 
-0.57895 0.1235 0.020644023967557917 
-0.51604 0.1235 0.023730747213075228 
-0.50105 0.1235 0.024466958618646117 
-0.47368 0.1235 0.025812651084564632 
-0.45693 0.1235 0.026637113715493408 
-0.38626 0.1235 0.03011948689816493 
-0.36842 0.1235 0.030999683118984017 
-0.29315 0.1235 0.034718200112531565 
-0.26316 0.1235 0.03620150623841297 
-0.18299 0.1235 0.04017160449186388 
-0.15789 0.1235 0.04141643549225172 
-0.0622 0.1235 0.04616996149602262 
-0.05263 0.1235 0.04664675475958393 
0.05263 0.1235 0.05190693082209587 
0.0622 0.1235 0.0523869789778266 
0.15789 0.1235 0.057204417764271015 
0.18299 0.1235 0.05847008446602659 
0.26316 0.1235 0.06251809013117739 
0.29315 0.1235 0.06403388659174426 
0.36842 0.1235 0.0678420918786383 
0.38626 0.1235 0.06874602824738302 
0.45693 0.1235 0.07233169403874747 
0.47368 0.1235 0.07318211634326806 
0.50105 0.1235 0.07457281398599551 
0.51604 0.1235 0.07533515077631861 
0.57895 0.1235 0.07853705000774247 
0.68421 0.1235 0.0838995258868243 
0.78947 0.1235 0.08926404111568544 
0.89474 0.1235 0.09463084871876348 
1.0 0.1235 0.1 

-1.0 0.15789 0.0 
-0.89474 0.15789 0.005161756575334512 
-0.78947 0.15789 0.010322770384501079 
-0.68421 0.15789 0.015482731343929523 
-0.57895 0.15789 0.02064421972210216 
-0.51604 0.15789 0.023730945925544488 
-0.50105 0.15789 0.02446716016404359 
-0.47368 0.15789 0.025812856546741793 
-0.45693 0.15789 0.02663731381918306 
-0.38626 0.15789 0.03011963533179647 
-0.36842 0.15789 0.030999802304876745 
-0.29315 0.15789 0.034718118667002244 
-0.26316 0.15789 0.03620134508768542 
-0.18299 0.15789 0.0401712717051063 
-0.15789 0.15789 0.04141606686027117 
-0.0622 0.15789 0.0461695092925862 
-0.05263 0.15789 0.04664627603442009 
0.05263 0.15789 0.051905973159263256 
0.0622 0.15789 0.05238600600101903 
0.15789 0.15789 0.057203554157336696 
0.18299 0.15789 0.05846923540396581 
0.26316 0.15789 0.06251722328946828 
0.29315 0.15789 0.06403303466298255 
0.36842 0.15789 0.06784137714109052 
0.38626 0.15789 0.06874536388484696 
0.45693 0.15789 0.07233157400853316 
0.47368 0.15789 0.07318216287315868 
0.50105 0.15789 0.07457279147970597 
0.51604 0.15789 0.07533495750934707 
0.57895 0.15789 0.07853654757797349 
0.68421 0.15789 0.08389893901941298 
0.78947 0.15789 0.0892634601427559 
0.89474 0.15789 0.09463077550656994 
1.0 0.15789 0.1 

-1.0 0.23982 0.0 
-0.89474 0.23982 0.005162420634817186 
-0.78947 0.23982 0.010323666777489198 
-0.68421 0.23982 0.015483521722734643 
-0.57895 0.23982 0.020644897941746863 
-0.51604 0.23982 0.023731623667642917 
-0.50105 0.23982 0.024467844993344326 
-0.47368 0.23982 0.02581354614308697 
-0.45693 0.23982 0.02663798161870272 
-0.38626 0.23982 0.030120113996699626 
-0.36842 0.23982 0.031000178164167818 
-0.29315 0.23982 0.03471785032838458 
-0.26316 0.23982 0.036200832867780385 
-0.18299 0.23982 0.04017019179447568 
-0.15789 0.23982 0.04141486809739011 
-0.0622 0.23982 0.046168057943744886 
-0.05263 0.23982 0.04664474779463826 
0.05263 0.23982 0.05190301984630121 
0.0622 0.23982 0.052382975033539135 
0.15789 0.23982 0.057200392738465944 
0.18299 0.23982 0.058466160405165314 
0.26316 0.23982 0.06251451403772026 
0.29315 0.23982 0.06403037767780245 
0.36842 0.23982 0.06783906033515498 
0.38626 0.23982 0.06874338938619923 
0.45693 0.23982 0.07233145496402282 
0.47368 0.23982 0.07318212203313959 
0.50105 0.23982 0.07457252422087152 
0.51604 0.23982 0.075334516525079 
0.57895 0.23982 0.07853497991008067 
0.68421 0.23982 0.08389725782788932 
0.78947 0.23982 0.08926158239137917 
0.89474 0.23982 0.09462997268913038 
1.0 0.23982 0.1 

-1.0 0.26316 0.0 
-0.89474 0.26316 0.005162658573613503 
-0.78947 0.26316 0.010324012306472334 
-0.68421 0.26316 0.015483879880870742 
-0.57895 0.26316 0.020645276242708524 
-0.51604 0.26316 0.023732022720346482 
-0.50105 0.26316 0.024468247354878566 
-0.47368 0.26316 0.02581394626530874 
-0.45693 0.26316 0.02663837095398394 
-0.38626 0.26316 0.030120428768146197 
-0.36842 0.26316 0.031000463804146006 
-0.29315 0.26316 0.034717974031116844 
-0.26316 0.26316 0.0362008950371361 
-0.18299 0.26316 0.04017011359980948 
-0.15789 0.26316 0.041414758652275244 
-0.0622 0.26316 0.04616785314835505 
-0.05263 0.26316 0.04664452310189905 
0.05263 0.26316 0.05190248194338867 
0.0622 0.26316 0.05238241351319225 
0.15789 0.26316 0.05719951878580887 
0.18299 0.26316 0.05846520519755945 
0.26316 0.26316 0.06251368285380679 
0.29315 0.26316 0.0640297202495354 
0.36842 0.26316 0.06783864237071081 
0.38626 0.26316 0.06874300394849761 
0.45693 0.26316 0.07233142006492535 
0.47368 0.26316 0.07318216087989282 
0.50105 0.26316 0.07457254845042416 
0.51604 0.26316 0.07533445025683995 
0.57895 0.26316 0.07853471051794271 
0.68421 0.26316 0.08389691373884914 
0.78947 0.26316 0.08926117467985939 
0.89474 0.26316 0.09462989177118407 
1.0 0.26316 0.1 

-1.0 0.3422 0.0 
-0.89474 0.3422 0.005163632513830974 
-0.78947 0.3422 0.010325479891566763 
-0.68421 0.3422 0.015485549772814713 
-0.57895 0.3422 0.020647197845674623 
-0.51604 0.3422 0.023734089805334466 
-0.50105 0.3422 0.024470326906646384 
-0.47368 0.3422 0.02581599081381233 
-0.45693 0.3422 0.026640356084066973 
-0.38626 0.3422 0.030122071402936067 
-0.36842 0.3422 0.03100201172548204 
-0.29315 0.3422 0.034719105972198 
-0.26316 0.3422 0.036201880676545735 
-0.18299 0.3422 0.040170748956397 
-0.15789 0.3422 0.041415279816393154 
-0.0622 0.3422 0.04616792074641363 
-0.05263 0.3422 0.04664454125506749 
0.05263 0.3422 0.0519018626731448 
0.0622 0.3422 0.05238164296424886 
0.15789 0.3422 0.05719659310655253 
0.18299 0.3422 0.05846212030218323 
0.26316 0.3422 0.06251112334038401 
0.29315 0.3422 0.0640275266349395 
0.36842 0.3422 0.06783795544994713 
0.38626 0.3422 0.06874257680783724 
0.45693 0.3422 0.07233149379897535 
0.47368 0.3422 0.07318233776928375 
0.50105 0.3422 0.07457280845543664 
0.51604 0.3422 0.07533474224513778 
0.57895 0.3422 0.07853471246674344 
0.68421 0.3422 0.08389556197437957 
0.78947 0.3422 0.08926030091376887 
0.89474 0.3422 0.09462926604624373 
1.0 0.3422 0.1 

-1.0 0.36842 0.0 
-0.89474 0.36842 0.005164055939907047 
-0.78947 0.36842 0.010326078311520352 
-0.68421 0.36842 0.015486202111593461 
-0.57895 0.36842 0.020647963812090196 
-0.51604 0.36842 0.02373491021694594 
-0.50105 0.36842 0.024471144053131683 
-0.47368 0.36842 0.025816767102845365 
-0.45693 0.36842 0.0266410940357326 
-0.38626 0.36842 0.030122630975011472 
-0.36842 0.36842 0.031002541799332185 
-0.29315 0.36842 0.03471958910256573 
-0.26316 0.36842 0.03620235143499165 
-0.18299 0.36842 0.040171165951022964 
-0.15789 0.36842 0.04141565297424114 
-0.0622 0.36842 0.04616802984151265 
-0.05263 0.36842 0.04664463104865134 
0.05263 0.36842 0.05190180584960236 
0.0622 0.36842 0.05238154975361623 
0.15789 0.36842 0.057195799709594666 
0.18299 0.36842 0.05846118325234736 
0.26316 0.36842 0.0625102357671921 
0.29315 0.36842 0.06402682824065095 
0.36842 0.36842 0.06783776353164431 
0.38626 0.36842 0.06874249901121679 
0.45693 0.36842 0.07233163690009813 
0.47368 0.36842 0.07318245033077118 
0.50105 0.36842 0.0745730347583149 
0.51604 0.36842 0.0753349763411906 
0.57895 0.36842 0.07853452620707715 
0.68421 0.36842 0.08389511203218769 
0.78947 0.36842 0.0892603923899919 
0.89474 0.36842 0.0946290610991476 
1.0 0.36842 0.1 

-1.0 0.4247 0.0 
-0.89474 0.4247 0.005165060453960754 
-0.78947 0.4247 0.010327525922052529 
-0.68421 0.4247 0.015487877457710447 
-0.57895 0.4247 0.02065006846743433 
-0.51604 0.4247 0.023737212451541714 
-0.50105 0.4247 0.024473438789462582 
-0.47368 0.4247 0.025818941617544774 
-0.45693 0.4247 0.026643163720212044 
-0.38626 0.4247 0.030124247925024383 
-0.36842 0.4247 0.031004117542153188 
-0.29315 0.4247 0.03472131196364877 
-0.26316 0.4247 0.03620414509622161 
-0.18299 0.4247 0.04017306169441899 
-0.15789 0.4247 0.04141746844573373 
-0.0622 0.4247 0.04616911929255103 
-0.05263 0.4247 0.046645682800628044 
0.05263 0.4247 0.051902890174268246 
0.0622 0.4247 0.052382544123728995 
0.15789 0.4247 0.05719513785238112 
0.18299 0.4247 0.058460270798648836 
0.26316 0.4247 0.06250896625267238 
0.29315 0.4247 0.06402575583269043 
0.36842 0.4247 0.06783804166480278 
0.38626 0.4247 0.06874292183724252 
0.45693 0.4247 0.07233214049242884 
0.47368 0.4247 0.07318311428216095 
0.50105 0.4247 0.07457392820462307 
0.51604 0.4247 0.07533583488830708 
0.57895 0.4247 0.07853477308964553 
0.68421 0.4247 0.08389421393435618 
0.78947 0.4247 0.08926106858194854 
0.89474 0.4247 0.09462864559069904 
1.0 0.4247 0.1 

-1.0 0.47368 0.0 
-0.89474 0.47368 0.0051662995289868865 
-0.78947 0.47368 0.01032903320885159 
-0.68421 0.47368 0.015489300630059023 
-0.57895 0.47368 0.02065182167475372 
-0.51604 0.47368 0.023739113480487767 
-0.50105 0.47368 0.024475314312701894 
-0.47368 0.47368 0.02582066032608163 
-0.45693 0.47368 0.026644756377923372 
-0.38626 0.47368 0.030125305142976688 
-0.36842 0.47368 0.03100513669395054 
-0.29315 0.47368 0.034722567120829856 
-0.26316 0.47368 0.03620549812978514 
-0.18299 0.47368 0.04017455238363603 
-0.15789 0.47368 0.0414188597858883 
-0.0622 0.47368 0.046169702294576564 
-0.05263 0.47368 0.046646229164578744 
0.05263 0.47368 0.0519034198882717 
0.0622 0.47368 0.05238301572672918 
0.15789 0.47368 0.05719427596119053 
0.18299 0.47368 0.05845911711948727 
0.26316 0.47368 0.06250757825693408 
0.29315 0.47368 0.06402457824360859 
0.36842 0.47368 0.06783781409153082 
0.38626 0.47368 0.06874294711610665 
0.45693 0.47368 0.07233295345043991 
0.47368 0.47368 0.07318401447402673 
0.50105 0.47368 0.07457482933101314 
0.51604 0.47368 0.0753366969854342 
0.57895 0.47368 0.07853511540817994 
0.68421 0.47368 0.08389350885009526 
0.78947 0.47368 0.08926089044485166 
0.89474 0.47368 0.09462740419277779 
1.0 0.47368 0.1 

-1.0 0.48251 0.0 
-0.89474 0.48251 0.005166409631620346 
-0.78947 0.48251 0.010329263315275295 
-0.68421 0.48251 0.01548967226629697 
-0.57895 0.48251 0.020652353943155528 
-0.51604 0.48251 0.023739738619386896 
-0.50105 0.48251 0.024475957775414902 
-0.47368 0.48251 0.025821323289827936 
-0.45693 0.48251 0.026645426811169316 
-0.38626 0.48251 0.030126001418717793 
-0.36842 0.48251 0.031005838625334733 
-0.29315 0.48251 0.03472332693992558 
-0.26316 0.48251 0.03620628549801319 
-0.18299 0.48251 0.040175398524170104 
-0.15789 0.48251 0.04141973420043582 
-0.0622 0.48251 0.04617061318849032 
-0.05263 0.48251 0.04664713905217211 
0.05263 0.48251 0.051904436737842403 
0.0622 0.48251 0.05238400989428426 
0.15789 0.48251 0.0571949971501702 
0.18299 0.48251 0.058459857690679407 
0.26316 0.48251 0.06250817677691049 
0.29315 0.48251 0.06402509087684183 
0.36842 0.48251 0.06783830417770138 
0.38626 0.48251 0.06874340409760106 
0.45693 0.48251 0.07233331424440227 
0.47368 0.48251 0.07318430830954457 
0.50105 0.48251 0.07457514510271444 
0.51604 0.48251 0.07533707346871432 
0.57895 0.48251 0.07853548670075264 
0.68421 0.48251 0.08389368512204076 
0.78947 0.48251 0.08926105339992352 
0.89474 0.48251 0.09462743926493788 
1.0 0.48251 0.1 

-1.0 0.51228 0.0 
-0.89474 0.51228 0.005166243711746815 
-0.78947 0.51228 0.010329819849351777 
-0.68421 0.51228 0.015491394703426472 
-0.57895 0.51228 0.020655014571217826 
-0.51604 0.51228 0.023742982259429574 
-0.50105 0.51228 0.024479347888745145 
-0.47368 0.51228 0.025824985854386955 
-0.45693 0.51228 0.026649245654545704 
-0.38626 0.51228 0.030130414600886453 
-0.36842 0.51228 0.03101035519462134 
-0.29315 0.51228 0.03472806030281204 
-0.26316 0.51228 0.03621111770729449 
-0.18299 0.51228 0.04018062337971557 
-0.15789 0.51228 0.04142513069916606 
-0.0622 0.51228 0.046176927451619214 
-0.05263 0.51228 0.04665353754274264 
0.05263 0.51228 0.05191147607607088 
0.0622 0.51228 0.05239105326533811 
0.15789 0.51228 0.05720134713629526 
0.18299 0.51228 0.05846591642062647 
0.26316 0.51228 0.06251340368908934 
0.29315 0.51228 0.0640300039845769 
0.36842 0.51228 0.06784210275792237 
0.38626 0.51228 0.06874685386398419 
0.45693 0.51228 0.07233509036290152 
0.47368 0.51228 0.07318596072054497 
0.50105 0.51228 0.07457687935154758 
0.51604 0.51228 0.07533894018745742 
0.57895 0.51228 0.07853824204559245 
0.68421 0.51228 0.08389575606064237 
0.78947 0.51228 0.08926173920807452 
0.89474 0.51228 0.09462849590840482 
1.0 0.51228 0.1 

-1.0 0.57895 0.0 
-0.89474 0.57895 0.0051661863005874045 
-0.78947 0.57895 0.010331225901641455 
-0.68421 0.57895 0.015495153332643027 
-0.57895 0.57895 0.020660929430380386 
-0.51604 0.57895 0.02375024344252525 
-0.50105 0.57895 0.024486945069158505 
-0.47368 0.57895 0.025833198998506317 
-0.45693 0.57895 0.026657811003986 
-0.38626 0.57895 0.030140320747052536 
-0.36842 0.57895 0.031020497059100902 
-0.29315 0.57895 0.03473879348520145 
-0.26316 0.57895 0.03622211305082155 
-0.18299 0.57895 0.04019253424243561 
-0.15789 0.57895 0.04143747175244006 
-0.0622 0.57895 0.0461913839327214 
-0.05263 0.57895 0.04666816483444387 
0.05263 0.57895 0.051927488452683766 
0.0622 0.57895 0.05240705035021525 
0.15789 0.57895 0.05721588939652289 
0.18299 0.57895 0.05847998982020002 
0.26316 0.57895 0.06252557669412105 
0.29315 0.57895 0.06404126731597526 
0.36842 0.57895 0.06785063969756425 
0.38626 0.57895 0.06875463856243821 
0.45693 0.57895 0.0723398401522672 
0.47368 0.57895 0.07319035793786055 
0.50105 0.57895 0.0745813190222296 
0.51604 0.57895 0.0753434999525911 
0.57895 0.57895 0.07854343531886493 
0.68421 0.57895 0.08390040418825709 
0.78947 0.57895 0.08926411090196248 
0.89474 0.57895 0.09463043816741505 
1.0 0.57895 0.1 

-1.0 0.68421 0.0 
-0.89474 0.68421 0.005166874962691312 
-0.78947 0.68421 0.010333654839631659 
-0.68421 0.68421 0.015500108217777633 
-0.57895 0.68421 0.020668549879142156 
-0.51604 0.68421 0.023759554670234925 
-0.50105 0.68421 0.024496672437108766 
-0.47368 0.68421 0.02584368447323699 
-0.45693 0.68421 0.02666872357815742 
-0.38626 0.68421 0.030152832184895603 
-0.36842 0.68421 0.031033298057475112 
-0.29315 0.68421 0.03475236400694426 
-0.26316 0.68421 0.03623602710362722 
-0.18299 0.68421 0.04020763917554463 
-0.15789 0.68421 0.04145312092136849 
-0.0622 0.68421 0.04620970982443245 
-0.05263 0.68421 0.04668670283702721 
0.05263 0.68421 0.05194757522690628 
0.0622 0.68421 0.05242712040730794 
0.15789 0.68421 0.05723420574136955 
0.18299 0.68421 0.058497645192404926 
0.26316 0.68421 0.06254060655042365 
0.29315 0.68421 0.06405514582993728 
0.36842 0.68421 0.06786122640000783 
0.38626 0.68421 0.06876445068335892 
0.45693 0.68421 0.072346759949057 
0.47368 0.68421 0.07319681260956233 
0.50105 0.68421 0.07458737692067748 
0.51604 0.68421 0.0753495741722806 
0.57895 0.68421 0.07855000271800865 
0.68421 0.68421 0.08390664724365444 
0.78947 0.68421 0.08926785395148681 
0.89474 0.68421 0.09463253758363632 
1.0 0.68421 0.1 

-1.0 0.78947 0.0 
-0.89474 0.78947 0.005167676063232471 
-0.78947 0.78947 0.010335611495107786 
-0.68421 0.78947 0.01550354238303682 
-0.57895 0.78947 0.020673626646981837 
-0.51604 0.78947 0.023765705408754917 
-0.50105 0.78947 0.024503098075954268 
-0.47368 0.78947 0.025850630214836957 
-0.45693 0.78947 0.026675961881995922 
-0.38626 0.78947 0.03016113687698371 
-0.36842 0.78947 0.031041769564434784 
-0.29315 0.78947 0.03476114185058852 
-0.26316 0.78947 0.036244968028428366 
-0.18299 0.78947 0.04021727298259532 
-0.15789 0.78947 0.041463132915831966 
-0.0622 0.78947 0.04622170819731747 
-0.05263 0.78947 0.046698843894370595 
0.05263 0.78947 0.05196056660754911 
0.0622 0.78947 0.05244010756288571 
0.15789 0.78947 0.05724630226000263 
0.18299 0.78947 0.05850927309350204 
0.26316 0.78947 0.06255005235304119 
0.29315 0.78947 0.06406378812817948 
0.36842 0.78947 0.06786801649009706 
0.38626 0.78947 0.06877078415743822 
0.45693 0.78947 0.07235127968163411 
0.47368 0.78947 0.07320110452447452 
0.50105 0.78947 0.07459152398421998 
0.51604 0.78947 0.07535350742626598 
0.57895 0.78947 0.0785533041144537 
0.68421 0.78947 0.08391100849168685 
0.78947 0.78947 0.08927150931772716 
0.89474 0.78947 0.09463435080220055 
1.0 0.78947 0.1 

-1.0 0.89474 0.0 
-0.89474 0.89474 0.005168201039947391 
-0.78947 0.89474 0.010336710801453992 
-0.68421 0.89474 0.015505268431275726 
-0.57895 0.89474 0.020676054685604277 
-0.51604 0.89474 0.02376862342629593 
-0.50105 0.89474 0.02450615603199756 
-0.47368 0.89474 0.025853973152770188 
-0.45693 0.89474 0.026679464791121446 
-0.38626 0.89474 0.03016520373345126 
-0.36842 0.89474 0.031045894164953708 
-0.29315 0.89474 0.034765178787346085 
-0.26316 0.89474 0.03624900585369145 
-0.18299 0.89474 0.04022152686679873 
-0.15789 0.89474 0.0414675895531339 
-0.0622 0.89474 0.04622738505902873 
-0.05263 0.89474 0.04670459991811591 
0.05263 0.89474 0.051966663398516674 
0.0622 0.89474 0.05244621323016113 
0.15789 0.89474 0.057252196420899515 
0.18299 0.89474 0.05851489569811457 
0.26316 0.89474 0.06255427107422806 
0.29315 0.89474 0.06406759993028481 
0.36842 0.89474 0.06787105335762815 
0.38626 0.89474 0.06877364306840925 
0.45693 0.89474 0.07235343202523917 
0.47368 0.89474 0.07320302371793755 
0.50105 0.89474 0.07459304994328232 
0.51604 0.89474 0.07535510639028245 
0.57895 0.89474 0.07855570528169176 
0.68421 0.89474 0.08391377953509113 
0.78947 0.89474 0.08927357595536074 
0.89474 0.89474 0.0946356692592649 
1.0 0.89474 0.1 

-1.0 1.0 0.0 
-0.89474 1.0 0.005168318081466105 
-0.78947 1.0 0.010336808197677919 
-0.68421 1.0 0.015505202467608383 
-0.57895 1.0 0.020675790654247413 
-0.51604 1.0 0.02376828566006302 
-0.50105 1.0 0.024505819289459097 
-0.47368 1.0 0.025853672054686826 
-0.45693 1.0 0.026679184813231133 
-0.38626 1.0 0.030164952328720743 
-0.36842 1.0 0.03104560164772419 
-0.29315 1.0 0.03476452619638014 
-0.26316 1.0 0.036248229335780056 
-0.18299 1.0 0.04022054119631485 
-0.15789 1.0 0.041466611068606676 
-0.0622 1.0 0.04622669807817314 
-0.05263 1.0 0.046703931915155025 
0.05263 1.0 0.051966049734849355 
0.0622 1.0 0.05244559825340208 
0.15789 1.0 0.0572515578771639 
0.18299 1.0 0.05851425612114807 
0.26316 1.0 0.06255349245923598 
0.29315 1.0 0.06406679825755132 
0.36842 1.0 0.06787052591312198 
0.38626 1.0 0.06877313752822678 
0.45693 1.0 0.07235272792679931 
0.47368 1.0 0.07320240644667553 
0.50105 1.0 0.07459271714903361 
0.51604 1.0 0.07535477286539452 
0.57895 1.0 0.07855532397547285 
0.68421 1.0 0.0839142922431039 
0.78947 1.0 0.08927341185405241 
0.89474 1.0 0.09463561223739621 
1.0 1.0 0.1 

